0.0
0.0
0.0
0.0
0.0
0.0
0.0
0.0
0.0
0.0
0.0
0.0
0.0
0.0
0.0
0.0
0.0
0.0
0.0
0.0
0.0
0.0
0.0
0.0
6.6
6.6
13.2
41.800000000000004
55.00000000000001
61.60000000000001
118.39999999999998
175.19999999999996
251.19999999999993
280.99999999999994
283.4234636871508
360.970294792498
382.4
357.95738888888883
317.4
287.1714285714285
253.839162990196
155.49835416666667
106.69107681564248
90.593
90.4
50.2
43.0
35.8
33.64675
11.0
0.0
0.0
0.0
0.0
0.0
0.0
0.0
0.0
0.0
0.0
0.0
0.0
0.0
0.0
0.0
0.0
0.0
0.0
0.0
0.0
0.0
0.0
0.0
0.0
0.0
0.0
0.0
0.0
0.0
0.0
0.0
0.0
0.0
0.0
0.0
0.0
0.0
0.0
0.0
0.0
0.0
0.0
0.0
0.0
0.0
0.0
