0.0
0.0
0.0
0.0
0.0
0.0
0.0
0.0
0.0
0.0
0.0
0.0
0.0
0.0
0.0
0.0
0.0
0.0
0.0
0.0
0.0
0.0
0.0
0.0
13.8
24.799999999999997
24.799999999999997
42.4
59.400000000000006
85.79999999999998
141.99999999999997
173.39999999999995
199.59474999999992
268.19999999999993
295.19999999999993
355.7542857142857
403.15774999999996
415.497
311.0784999999999
311.25999999999993
217.21622222222214
175.01718749999998
136.50224999999998
127.79299999999999
103.68375
46.800000000000004
17.6
0.0
0.0
0.0
0.0
0.0
0.0
0.0
0.0
0.0
0.0
0.0
0.0
0.0
0.0
0.0
0.0
0.0
0.0
0.0
0.0
0.0
0.0
0.0
0.0
0.0
0.0
0.0
0.0
0.0
0.0
0.0
0.0
0.0
0.0
0.0
0.0
0.0
0.0
0.0
0.0
0.0
0.0
0.0
0.0
0.0
0.0
0.0
0.0
0.0
