0.0
0.0
0.0
0.0
0.0
0.0
0.0
0.0
0.0
0.0
0.0
0.0
0.0
0.0
0.0
0.0
0.0
0.0
0.0
0.0
0.0
0.0
0.0
0.0
0.0
11.0
64.4
60.00000000000001
71.0
117.33684210526313
157.39999999999998
226.30222222222216
303.99999999999994
382.6
462.8162500000001
436.467
481.5449270833334
431.3689999999999
371.9704479166666
287.12999999999994
213.34788541666663
150.71324561403506
67.2
67.8
36.68375
32.6
32.168
11.0
11.0
0.0
0.0
0.0
0.0
0.0
0.0
0.0
0.0
0.0
0.0
0.0
0.0
0.0
0.0
0.0
0.0
0.0
0.0
0.0
0.0
0.0
0.0
0.0
0.0
0.0
0.0
0.0
0.0
0.0
0.0
0.0
0.0
0.0
0.0
0.0
0.0
0.0
0.0
0.0
0.0
0.0
0.0
0.0
0.0
0.0
0.0
0.0
