0.0
0.0
0.0
0.0
0.0
0.0
0.0
0.0
0.0
0.0
0.0
0.0
0.0
0.0
0.0
0.0
0.0
0.0
0.0
0.0
0.0
11.0
11.0
18.2
35.800000000000004
78.80000000000001
110.03
229.76444444444436
365.550612745098
457.12249999999995
628.0582142857146
823.206222222223
1037.5415000000016
1072.1789781746045
1205.241024305557
1160.7277500000016
1022.9744444444457
900.9468915270028
760.2935833333338
562.6230656424582
471.409
389.11035416666664
311.5776111111111
222.02505276225943
205.48375
157.105
99.9725
61.6
35.187777777777775
35.32222222222222
6.6
0.0
0.0
0.0
0.0
0.0
0.0
0.0
0.0
0.0
0.0
0.0
0.0
0.0
0.0
0.0
0.0
0.0
0.0
0.0
0.0
0.0
0.0
0.0
0.0
0.0
0.0
0.0
0.0
0.0
0.0
0.0
0.0
0.0
0.0
0.0
0.0
0.0
0.0
0.0
0.0
0.0
0.0
0.0
0.0
0.0
