0.0
0.0
0.0
0.0
0.0
0.0
0.0
0.0
0.0
0.0
0.0
0.0
0.0
0.0
0.0
0.0
0.0
0.0
0.0
0.0
0.0
0.0
17.6
17.6
17.6
31.4
62.800000000000004
138.4
218.19999999999993
286.4
359.4
530.3072404371585
692.8275000000003
774.8527708333339
856.7762500000006
895.9494197924986
865.7351745089569
871.5093680555564
913.703811918064
759.7088989757921
674.619294146826
536.4079897579145
400.0132236410393
193.40912698412694
132.08984375
86.35239583333333
32.952336805555554
13.106500000000004
3.307500000000002
0.0
0.0
0.0
0.0
0.0
0.0
0.0
0.0
0.0
0.0
0.0
0.0
0.0
0.0
0.0
0.0
0.0
0.0
0.0
0.0
0.0
0.0
0.0
0.0
0.0
0.0
0.0
0.0
0.0
0.0
0.0
0.0
0.0
0.0
0.0
0.0
0.0
0.0
0.0
0.0
0.0
0.0
0.0
0.0
0.0
0.0
0.0
