0.0
0.0
0.0
0.0
0.0
0.0
0.0
0.0
0.0
0.0
0.0
0.0
0.0
0.0
0.0
0.0
0.0
0.0
0.0
0.0
0.0
0.0
0.0
0.0
0.0
6.6
19.799999999999997
26.999999999999996
51.2
73.2
145.4
249.39999999999992
404.6
473.2855
520.8
499.09587500000004
400.4136933581627
311.04136805555555
292.73924999999997
249.53208333333322
211.12974999999994
148.67668749999999
103.00000000000001
49.60000000000001
43.00000000000001
29.2
25.172500000000003
11.0
0.0
0.0
0.0
0.0
0.0
0.0
0.0
0.0
0.0
0.0
0.0
0.0
0.0
0.0
0.0
0.0
0.0
0.0
0.0
0.0
0.0
0.0
0.0
0.0
0.0
0.0
0.0
0.0
0.0
0.0
0.0
0.0
0.0
0.0
0.0
0.0
0.0
0.0
0.0
0.0
0.0
0.0
0.0
0.0
0.0
0.0
0.0
0.0
