0.0
0.0
0.0
0.0
0.0
0.0
0.0
0.0
0.0
0.0
0.0
0.0
0.0
0.0
0.0
0.0
0.0
0.0
0.0
0.0
0.0
0.0
0.0
0.0
24.200000000000003
42.4
106.19999999999997
154.39999999999998
203.99999999999994
328.0
386.59999999999997
609.5040000000004
777.959730047886
1002.1855000000012
1094.9048958333344
1064.5496250000012
1174.3465000000006
1090.7885681143043
897.7108958333342
793.8755952380959
653.180385416667
533.5133439245811
378.54703958333334
265.11802499999993
169.52124999999995
119.65833333333332
66.98908680555554
15.356000000000002
6.587777777777777
0.0
0.0
0.0
0.0
0.0
0.0
0.0
0.0
0.0
0.0
0.0
0.0
0.0
0.0
0.0
0.0
0.0
0.0
0.0
0.0
0.0
0.0
0.0
0.0
0.0
0.0
0.0
0.0
0.0
0.0
0.0
0.0
0.0
0.0
0.0
0.0
0.0
0.0
0.0
0.0
0.0
0.0
0.0
0.0
0.0
0.0
0.0
