0.0
0.0
0.0
0.0
0.0
0.0
0.0
0.0
0.0
0.0
0.0
0.0
0.0
0.0
0.0
0.0
0.0
0.0
0.0
0.0
0.0
0.0
0.0
0.0
0.0
0.0
0.0
28.6
54.0
78.80000000000001
150.0
296.9999999999999
288.18056040502785
322.29999999999995
372.79999999999995
398.50699999999995
393.6627256944444
344.19999999999993
357.81714285714287
364.26208333333335
279.85963541666666
191.04666666666668
153.0
111.89529166666668
60.050000000000004
24.384444444444444
18.2
0.0
0.0
0.0
0.0
0.0
0.0
0.0
0.0
0.0
0.0
0.0
0.0
0.0
0.0
0.0
0.0
0.0
0.0
0.0
0.0
0.0
0.0
0.0
0.0
0.0
0.0
0.0
0.0
0.0
0.0
0.0
0.0
0.0
0.0
0.0
0.0
0.0
0.0
0.0
0.0
0.0
0.0
0.0
0.0
0.0
0.0
0.0
0.0
0.0
