0.0
0.0
0.0
0.0
0.0
0.0
0.0
0.0
0.0
0.0
0.0
0.0
0.0
0.0
0.0
0.0
0.0
0.0
0.0
0.0
0.0
0.0
0.0
11.0
11.0
18.2
32.6
57.4
50.199999999999996
158.6
282.6
350.40000000000003
398.8
409.55677083333336
423.33420138888886
370.2507499999999
363.8294270833333
360.69586805555554
290.59999999999997
262.59999999999997
202.59999999999997
176.0971875
130.27698958333332
75.33229166666668
64.48984375
21.0
7.2
7.2
0.0
0.0
0.0
0.0
0.0
0.0
0.0
0.0
0.0
0.0
0.0
0.0
0.0
0.0
0.0
0.0
0.0
0.0
0.0
0.0
0.0
0.0
0.0
0.0
0.0
0.0
0.0
0.0
0.0
0.0
0.0
0.0
0.0
0.0
0.0
0.0
0.0
0.0
0.0
0.0
0.0
0.0
0.0
0.0
0.0
0.0
0.0
0.0
