0.0
0.0
0.0
0.0
0.0
0.0
0.0
0.0
0.0
0.0
0.0
0.0
0.0
0.0
0.0
0.0
0.0
0.0
0.0
0.0
0.0
0.0
0.0
0.0
22.0
69.4
112.39999999999999
97.60000000000001
147.2
229.02857142857135
437.0
574.008
704.2000000000003
924.4855000000008
1040.840000000001
1043.7810855263167
1104.5373978276707
1090.048500000001
865.138705357144
654.8798611111115
504.46324979575166
409.38685416666664
313.00674999999995
183.91555555555553
111.10734374999998
82.59999999999998
42.86525
7.2
0.0
0.0
0.0
0.0
0.0
0.0
0.0
0.0
0.0
0.0
0.0
0.0
0.0
0.0
0.0
0.0
0.0
0.0
0.0
0.0
0.0
0.0
0.0
0.0
0.0
0.0
0.0
0.0
0.0
0.0
0.0
0.0
0.0
0.0
0.0
0.0
0.0
0.0
0.0
0.0
0.0
0.0
0.0
0.0
0.0
0.0
0.0
0.0
