0.0
0.0
0.0
0.0
0.0
0.0
0.0
0.0
0.0
0.0
0.0
0.0
0.0
0.0
0.0
0.0
0.0
0.0
0.0
0.0
17.6
17.6
24.200000000000003
52.800000000000004
60.0
69.5595
112.99999999999999
145.69345833333333
246.23174999999995
347.59999999999997
324.46399999999994
484.7999999999999
716.6992187500005
846.256770833334
876.0016840277784
992.5000000000009
987.3000000000008
925.5462490079373
815.1068125000007
701.7374505630935
561.0965649801589
434.7857083333333
304.0989583333333
167.13599999999994
103.98984375
61.96888888888889
42.4
13.653333333333332
0.0
0.0
0.0
0.0
0.0
0.0
0.0
0.0
0.0
0.0
0.0
0.0
0.0
0.0
0.0
0.0
0.0
0.0
0.0
0.0
0.0
0.0
0.0
0.0
0.0
0.0
0.0
0.0
0.0
0.0
0.0
0.0
0.0
0.0
0.0
0.0
0.0
0.0
0.0
0.0
0.0
0.0
0.0
0.0
0.0
0.0
0.0
0.0
