0.0
0.0
0.0
0.0
0.0
0.0
0.0
0.0
0.0
0.0
0.0
0.0
0.0
0.0
0.0
0.0
0.0
0.0
0.0
0.0
0.0
0.0
6.6
28.6
28.6
68.2
93.6
162.4
290.7999999999999
383.5213235294117
493.00000000000006
618.5451428571432
795.2366666666672
908.7882932960903
873.6162500000007
963.7788750000009
880.451333333334
722.4000000000004
603.0986500000002
509.8341666666667
423.73475
341.61718749999994
260.38111111111107
205.1885714285714
153.07999999999998
92.67139583333332
39.404947916666664
7.2
0.0
0.0
0.0
0.0
0.0
0.0
0.0
0.0
0.0
0.0
0.0
0.0
0.0
0.0
0.0
0.0
0.0
0.0
0.0
0.0
0.0
0.0
0.0
0.0
0.0
0.0
0.0
0.0
0.0
0.0
0.0
0.0
0.0
0.0
0.0
0.0
0.0
0.0
0.0
0.0
0.0
0.0
0.0
0.0
0.0
0.0
0.0
0.0
