0.0
0.0
0.0
0.0
0.0
0.0
0.0
0.0
0.0
0.0
0.0
0.0
0.0
0.0
0.0
0.0
0.0
0.0
0.0
0.0
0.0
0.0
0.0
6.6
6.6
13.2
35.2
70.0
165.79999999999995
235.1999999999999
358.00000000000006
418.90400000000005
521.8274246323531
596.7567708333336
601.9762500000003
716.8670000000005
703.5318715277782
758.9354791666673
696.8061452513971
580.2320833333334
454.19999999999993
387.6286874999999
270.5792395833333
180.18599999999998
107.57125
79.47950000000002
65.46525000000001
47.356
35.8
28.6
8.03515625
0.0
0.0
0.0
0.0
0.0
0.0
0.0
0.0
0.0
0.0
0.0
0.0
0.0
0.0
0.0
0.0
0.0
0.0
0.0
0.0
0.0
0.0
0.0
0.0
0.0
0.0
0.0
0.0
0.0
0.0
0.0
0.0
0.0
0.0
0.0
0.0
0.0
0.0
0.0
0.0
0.0
0.0
0.0
0.0
0.0
