0.0
0.0
0.0
0.0
0.0
0.0
0.0
0.0
0.0
0.0
0.0
0.0
0.0
0.0
0.0
0.0
0.0
0.0
0.0
0.0
0.0
0.0
0.0
11.0
17.6
24.8
24.8
72.20000000000002
78.80000000000001
122.19999999999999
150.79999999999998
255.39999999999995
315.0
364.2
348.7143229166667
374.22616071428575
368.3744444444445
329.8958680555556
298.70614525139666
251.55889897579138
222.32074999999995
185.59999999999997
167.39999999999998
138.7042745098039
95.1675
29.2
18.2
7.562500000000001
0.0
0.0
0.0
0.0
0.0
0.0
0.0
0.0
0.0
0.0
0.0
0.0
0.0
0.0
0.0
0.0
0.0
0.0
0.0
0.0
0.0
0.0
0.0
0.0
0.0
0.0
0.0
0.0
0.0
0.0
0.0
0.0
0.0
0.0
0.0
0.0
0.0
0.0
0.0
0.0
0.0
0.0
0.0
0.0
0.0
0.0
0.0
0.0
