0.0
0.0
0.0
0.0
0.0
0.0
0.0
0.0
0.0
0.0
0.0
0.0
0.0
0.0
0.0
0.0
0.0
0.0
0.0
0.0
0.0
0.0
0.0
0.0
11.0
17.6
39.6
68.80000000000001
72.2
147.0
211.89999999999995
305.7416666666667
357.90000000000003
365.1
362.81624999999997
336.07187500000003
300.8166041666666
321.5587251984126
300.99999999999994
278.26312280701745
206.64593333333332
200.2171875
126.0496111111111
76.305
49.440593750000005
4.174500000000002
0.0
0.0
0.0
0.0
0.0
0.0
0.0
0.0
0.0
0.0
0.0
0.0
0.0
0.0
0.0
0.0
0.0
0.0
0.0
0.0
0.0
0.0
0.0
0.0
0.0
0.0
0.0
0.0
0.0
0.0
0.0
0.0
0.0
0.0
0.0
0.0
0.0
0.0
0.0
0.0
0.0
0.0
0.0
0.0
0.0
0.0
0.0
0.0
0.0
0.0
