0.0
0.0
0.0
0.0
0.0
0.0
0.0
0.0
0.0
0.0
0.0
0.0
0.0
0.0
0.0
0.0
0.0
0.0
0.0
0.0
0.0
0.0
0.0
0.0
7.2
31.999999999999996
74.4
92.0
127.2
280.4
345.99999999999994
417.59999999999997
559.2
654.6167142857145
690.7143229166668
713.5070000000002
767.7294270833337
653.486979166667
662.3000000000003
621.5714285714288
599.2218854166667
456.95702083333333
427.7858611111111
246.5245714285714
179.39999999999998
97.7745
54.0
24.8
9.246000000000002
0.0
0.0
0.0
0.0
0.0
0.0
0.0
0.0
0.0
0.0
0.0
0.0
0.0
0.0
0.0
0.0
0.0
0.0
0.0
0.0
0.0
0.0
0.0
0.0
0.0
0.0
0.0
0.0
0.0
0.0
0.0
0.0
0.0
0.0
0.0
0.0
0.0
0.0
0.0
0.0
0.0
0.0
0.0
0.0
0.0
0.0
0.0
