0.0
0.0
0.0
0.0
0.0
0.0
0.0
0.0
0.0
0.0
0.0
0.0
0.0
0.0
0.0
0.0
0.0
0.0
0.0
0.0
11.0
11.0
11.0
22.0
35.2
107.8
217.79999999999995
276.09999999999997
410.5000000000001
582.3593421052633
696.0132500000005
843.8120000000006
1018.9906473214296
1054.8302559523818
1279.011862809958
1296.8768750000002
1403.5036579581545
1453.970988970587
1314.925479166667
1219.8577339181297
1011.0400936724096
786.4272770386167
500.1712222222222
313.43301109559275
210.41749999999996
182.17449999999997
130.745
84.08
49.0
33.1375
0.0
0.0
0.0
0.0
0.0
0.0
0.0
0.0
0.0
0.0
0.0
0.0
0.0
0.0
0.0
0.0
0.0
0.0
0.0
0.0
0.0
0.0
0.0
0.0
0.0
0.0
0.0
0.0
0.0
0.0
0.0
0.0
0.0
0.0
0.0
0.0
0.0
0.0
0.0
0.0
0.0
0.0
0.0
0.0
0.0
0.0
