0.0
0.0
0.0
0.0
0.0
0.0
0.0
0.0
0.0
0.0
0.0
0.0
0.0
0.0
0.0
0.0
0.0
0.0
0.0
0.0
0.0
0.0
0.0
6.6
6.6
24.8
56.80000000000001
170.99999999999994
256.39999999999986
361.0999999999999
470.50000000000006
562.9080000000004
589.5914285714288
607.3592559523812
651.4162500000002
856.9542857142861
935.6269270833337
917.416114087302
897.7725098347306
753.9466228070181
650.3378020833338
518.6638541666666
411.1606006944444
284.95599999999985
202.24999999999994
104.5745
61.800000000000004
32.44
32.5075
11.0
0.0
0.0
0.0
0.0
0.0
0.0
0.0
0.0
0.0
0.0
0.0
0.0
0.0
0.0
0.0
0.0
0.0
0.0
0.0
0.0
0.0
0.0
0.0
0.0
0.0
0.0
0.0
0.0
0.0
0.0
0.0
0.0
0.0
0.0
0.0
0.0
0.0
0.0
0.0
0.0
0.0
0.0
0.0
0.0
0.0
0.0
