314.3699951
311.6699982
318.5099945
317.4799957
313.9199982
313.1100006
317.3999939
311.3999939
310.4799957
318.8499985
315.1499939
316.1199951
314.3699951
315.3099976
318.5099945
325.3600006
319.409996
273.9499969
312.659996
358.8600006
431.6199951
390.9700012
399.909996
436.4799957
773.4599915
610.6799927
491.6799927
542.0299988
584.0099945
603.9299927
690.0999908
689.5699921
699.6900024
660.8799896
704.019989
724.0999908
724.3300018
726.2799988
726.2999878
751.0399933
767.6499939
753.8300018
761.6100006
766.7399902
778.1900024
780.019989
798.6699829
827.2099915
853.8899841
789.7099915
790.4499817
813.5700073
802.9599915
770.019989
703.2899933
746.0599976
744.3999939
694.4199982
738.8099976
741.7099915
700.5599976
716.5499878
742.1699982
699.3499908
737.0899963
724.0999908
684.3799896
714.0399933
632.0399933
658.3600006
618.0599976
615.0399933
564.4499969
523.7200012
524.3300018
526.6499939
466.5099945
467.0399933
505.5099945
460.3899994
534.9799957
499.6699982
487.3799973
483.5499954
488.0500031
481.8699951
445.4699936
478.0699997
439.3499985
394.8600006
448.3000031
402.8099976
357.3099976
398.3899994
361.1399994
371.8199921
