65.74999714
62.05999851
61.72000027
59.85999966
60.74999905
60.05999851
64.1299963
58.32999802
61.26999855
59.61999893
60.89999676
59.76000023
62.97999764
62.82999897
67.7899971
63.90999889
61.98999882
60.71000004
63.76999855
62.58999825
63.29999828
62.86999798
65.45999718
65.06999969
70.88999748
87.85999775
89.35000038
96.65999603
90.29999828
94.81999588
97.75
99.56999779
110.4199982
116.4199963
118.0100002
129.7099991
128.6899986
132.699995
131.5599976
143.2099972
145.3899975
141.5999966
138.5799961
133.6999988
133.8999958
136.9599972
139.319994
137.4899998
140.6399975
149.1999931
145.5899944
149.2499943
153.4699974
143.7899971
141.9699993
149.4599991
140.0999985
137.5899982
137.2499981
135.5699978
130.3899975
136.1399975
138.4199982
129.2299995
134.1000004
128.1199989
129.9799976
133.3000012
125.8499966
122.5199986
119.6899929
112.2600002
105.4399967
96.73999786
98.41999817
93.86999893
87.04999924
86.12999725
83.2899971
85.33999824
79.42999649
76.88999748
78.36000061
75.13999939
74.48999787
74.73999786
78.13999939
72.06999969
67.77999878
69.02999878
68.36999893
68.28999901
71.78999901
68.48999977
71.96999931
70.28999901
