25.28999901
23.27999878
24.36999893
25
24.10000038
24.82999992
24.84000015
26.12999916
23.85000038
25.3599987
24.92000008
25.37999916
25.11999893
23.57999992
23.97999954
24.1099987
24.95999908
23.68999863
25.26000023
22.71999931
24.51999855
24.63999939
24.29999924
24.59000015
32.64999771
34.5
53.04999924
52.57999802
75.47000122
94.13999939
120.9300003
118.8099976
116.6299973
124.4499969
147.3099976
159.3300018
147.7799988
150.3899994
147.5500031
135.3600006
162.1299896
165.25
144.1199951
146.0500031
157.25
167.4499969
143
150.3899994
147.4499969
142.9499969
142.2200012
151.8099976
154.769989
152.9599915
147.3799896
146.8399963
141.8600006
131.8300018
121.7299957
121.3499985
129.8699951
132.2599945
113.4499969
112.409996
101.4199982
80.75
73.65999603
73.31999969
67.84999847
67.04999542
59.36999893
57.34999847
49.61999893
45.90999985
46.23999786
44.45999908
38.71999741
39.75999832
41.22999954
38.37999725
39.04999924
36.84999847
39.20000076
36
34.25
33.75999832
32.97999954
34.43999863
26.95999908
26.3599987
26.87999916
27.30999947
26.81999969
26.97999954
26.5
28
