27.32000017
29.2699995
27.09999895
28.75999928
27.5199995
28.10999966
27.61999846
27.80999851
28.29999971
27.88999987
28.6899991
27.67999935
27.82000017
27.57999945
28.88999987
28.06999969
29.48999882
28.05999899
28.63999939
29.24999857
29.05999899
30.4000001
28.22999954
30.45999956
41.78999996
44.40999794
44.2699976
45.0999999
47.8100009
47.58999968
49.0800004
49.98999834
61.93999863
61.9499979
67.96999836
72.99999475
80.56000137
88.5599966
88.11999893
83.88000202
88.23999882
83.11000156
86.45999622
84.20999813
82.71999645
78.11999512
73.98999977
76.18000126
77.19999599
77.44999695
76.43999958
72.04999733
76.61000061
75.91999817
72.00999928
71.90999794
73.97999859
74.45999813
75.32999897
71.31999779
69.55999851
69.62999916
70.05999947
72.0199976
69.79999638
67.77999687
70.20999718
68.59999657
60.22999859
54.63999748
52.94999981
52.36999893
48.53000069
43.86000061
44.15999889
41.26000023
41.41999912
37.26999855
33.69999981
28.87999916
28.89999914
28.88999891
30.15999985
29.11999893
27.19999933
26.7599988
26.34999895
26.12999916
26.07999897
26.60999966
26.28999901
25.70999861
25.0899992
24.87999964
25.14999962
25.24000025
