69.18000031
66.25
70.55999756
70.65999603
69.29999542
68.30999756
68.44000244
69.08000183
67.47999573
68.97999573
68.95999908
69.11000061
68.81999969
67.97999573
67.97000122
67.80999756
69.05999756
69.56999969
68.52999878
68.75
70.30999756
71.75
73.40999603
84.18000031
101.8800049
112.5699921
116.9499969
129.1100006
144.3999939
153.2799988
154.2999878
150.7999878
175.1299896
181.8600006
187.7899933
204.4799957
209.0899963
218.2899933
227.3999939
246.4199829
254.9100037
258.3399963
262.6900024
260.4599915
265.1300049
267.0700073
264.0499878
260.7200012
274.2200012
267.0100098
267.0700073
269.9199829
278.0899658
262.269989
254.9499817
263.6900024
270.8800049
263.8200073
267.4799805
261.4599915
268.0100098
260.6099854
256.4799805
253.8999939
248
239.5299988
238.5800018
230.4599915
217.3099976
201.5999908
191.2200012
188.3099976
167.4299927
155.2299957
152.3000031
142.019989
147.1299896
141
139.0099945
131.8499908
124.2599945
127.8000031
124.25
117.5099945
112.4599991
113.1599884
99.62999725
93.79000092
86.20999908
76.11000061
73.79999542
72.94000244
73.90000153
72.51000214
73.1499939
75.41999817
