15.39999962
15.8399992
15.21000004
15.68999958
15.17999935
15.52999973
15.85999966
15.27999973
15.63999939
15.17000008
15.67000008
15.31999969
15.5899992
15.38999939
15.36999989
15.48999977
15.32999992
19.51000023
20.10000038
21.02000046
37.88999939
45.0399971
43.65999985
36.43000031
67.69999695
80.19999695
85
85.23999786
89.20999908
92.90999603
88.94999695
87.36999512
87.08000183
87.11000061
82.22000122
80.25999451
79.29999542
78.13999939
77.22000122
75.15999603
76.75
75.51999664
72.61999512
72.83000183
72.15000153
71.97999573
72
70.95999908
72.47000122
72.02999878
72.33000183
74.52999878
75.05999756
72.72000122
71.25
70.76000214
71.79999542
70.29000092
69.97000122
70.56999969
72.40000153
71.77999878
71.41999817
71.20999908
69.68999481
67.95999908
67.04999542
66.72999573
61.69999695
62.23999786
63.8599968
68.20999908
64.58000183
62.52999878
61.94999695
60.22999954
52.21999741
50.90999985
52.40999985
52.11000061
46.93999481
45.02999878
44.11000061
43.27999878
40.97000122
41.16999817
40.61999893
38.84999847
39.27999878
23.5
21.90999985
21.90999985
19.35000038
16.89999962
18.79999924
18.6099987
