23.79464722
21.88977098
21.51428509
21.58855009
22.57475948
22.49190235
21.9380393
23.58232021
22.12200165
22.50286436
21.89336538
22.0570116
21.56542444
21.63582039
22.12597275
22.76067734
28.76807404
24.54726505
21.93327761
26.51472759
22.64028263
21.62529755
22.66589165
23.62646198
25.75444794
27.79841614
30.42096233
29.83378601
31.59146023
31.50491524
31.50707912
28.68096733
30.02087975
36.42392349
37.66734123
34.55371857
37.13886452
44.21902084
39.60673237
43.37592316
40.64778519
40.27719498
39.68326187
38.20151138
39.52948189
39.53017426
39.25833511
41.90500069
47.06474304
46.1248436
43.56073761
45.45871925
39.32519341
43.69376373
43.65301895
39.68895721
41.60367012
43.47212791
39.70346069
45.39924431
38.10059738
39.18407059
38.81574631
42.6055851
37.8539257
38.12729454
41.94293022
37.53474236
36.63952637
33.87850952
36.27560329
36.75641155
42.71982193
36.62271881
35.66995335
32.32724953
30.81328392
32.65881062
31.16271877
30.29736519
32.43179035
33.0793705
29.71555996
29.89553165
29.79641533
29.32138062
27.60144234
29.29895592
29.62391567
35.12474632
27.64872932
27.32066345
28.8191061
27.52626514
35.26918983
27.829566
