380.409996
394.2899857
385.519989
388.810009
387.5199814
386.679985
373.8199806
383.6699982
387.4499969
379.9400024
383.0799751
384.5499916
388.9599876
385.4099922
379.2699966
386.25
381.2499962
382.8799973
393.7199821
383.9499779
383.6599884
382.9999886
383.5299911
382.0800056
401.6300049
446.5699921
428.9699936
430.0899811
440.3699951
528.1199875
499.9399796
521.7399826
508.7799988
599.1799774
614.1799622
611.4799881
630.0599976
653.0899811
661.7699738
660.6199951
660.1599579
672.559967
661.0099869
685.4599762
692.1599655
688.5099716
681.5699768
679.9999771
687.3099976
686.6499863
687.6299973
679.2499924
671.429985
686.7799988
693.0599823
686.6299896
684.269989
674.0999985
674.9599762
671.4599991
684.8899841
686.4999695
678.3300018
686.2299805
684.7999954
683.4499741
666.8600006
653.8199844
649.7899704
586.1699982
605.7399673
626.269989
606.1999817
517.129982
505.8599854
515.3099823
506.3399887
496.5499954
496.6299896
502.739975
483.4499969
455.359993
464.4700012
452.6899796
446.3399811
452.0499878
464.539978
452.7799988
437.6699905
435.0200043
430.2899857
423.019989
423.0099869
432.6199875
421.5599976
420.9099808
