44.43999863
43.75
43.50999832
43.46999741
43.57999802
42.82999802
42.55999756
43.23999786
43.14999771
41.66999817
43.25999832
43.36999893
44.02000046
43.84999847
43.98999786
43.73999786
42.34999847
42.25999832
48
44.09999847
44.20999908
46.66999817
57.38999939
57.72999954
62.91999817
69.29000092
69.05999756
70.97000122
87.72999573
90.68999481
93.37999725
87.86000061
93.37999725
95.40000153
105.2200012
110.1800003
119.6199951
122.1299973
116.6999969
124.0499954
122.0299988
117.7999954
119.1699982
125.7999954
134.1499939
135.9299927
131.8300018
134.9199982
137.5200043
135.3199921
136.2599945
132.9599915
133.3600006
135.2700043
129.9199982
124.8299942
129.8699951
127.1299973
128.6299896
125.6299973
126.1699982
131.5699921
130.1699982
129.2899933
127.1499939
120.9899979
122.1399994
115.25
107.0699997
96.25
99.38999939
104.4499969
101.7799988
98.93000031
98.70999908
98.08999634
99.79999542
98.41999817
96.54000092
89.5799942
85.5
71.38999939
69.90999603
65.04999542
62.41999817
59.71999741
58.3599968
56.48999786
56.09999847
53.00999832
52.12999725
50.88999939
51.36999893
50.96999741
51.40999985
50.87999725
