2.599999905
2.519999981
2.619999886
2.210000038
2.129999876
2.929999828
3.829999924
4.239999771
3.619999886
4.039999962
3.629999876
3.789999962
3.399999857
4.230000019
3.369999886
3.659999847
3.649999857
4.299999714
3.339999914
3.369999886
4.139999866
3.569999933
3.399999857
3.379999876
3.669999838
2.939999819
3.279999971
4.440000057
3.859999895
7.399999619
16.25
25.35000038
21.25
17.6099987
19.63999939
18.80999947
23.30999947
20.3599987
19.23999977
21.64999962
20.46999931
18.48999977
19.89999962
15.85999966
15.39999962
15.80999947
13.94999981
14.19999981
18.87999916
21.03999901
16.06999969
13.65999985
17.29999924
19.73999977
18.3599987
15.89999962
17.6099987
15.57999992
16.36999893
13.84000015
17.84000015
15.59999943
16.79999924
17.87999916
19.64999962
18.68000031
18.27000046
19.94999886
18.81999969
14.63999939
14.89999962
13.65999985
13.02999973
11.82999992
9.380000114
10.39999962
10.11999989
10.30999947
11.73999977
12.2699995
9.979999542
9.539999962
9.579999924
10.02999973
7.829999924
6.379999638
3.889999866
2.539999962
2.230000019
2.99000001
2.399999857
2.099999905
3.5
2.75
2.339999914
2.019999981
