116.71
126.3100014
126.159996
114.369998
125.3299999
124.9000015
114.3699942
120.4300013
119.5199957
114.9899998
124.8099947
117.5599985
118.9499931
119.6399946
120.0999975
118.1099949
121.4299955
111.989996
120.2699957
124.7099991
112.499999
116.2799988
115.3299952
112.9300003
119.9099998
122.7599945
122.7299967
124.069994
125.6799955
125.9699984
123.1899977
124.1399946
131.5099983
142.8499947
134.989996
140.4799919
141.7999973
140.5699987
144.4499998
146.3200006
149.1099968
141.1799974
145.1600008
149.2299995
149.1699953
154.6799927
141.5499983
154.1399937
147.9400005
140.9499979
146.3399925
153.3599949
144.0100002
150.3999977
152.3299961
148.2099981
156.1299992
148.5199966
151.25
152.9399948
149.6899948
154.3399944
142.6899948
143.3800001
147.4899998
143.5100002
143.3999929
142.5899992
135.279994
141.9799976
131.3599987
137.2200012
132.5799999
124.2399931
126.6299973
128.2899952
128.1499977
121.5599957
132.9799995
123.7799969
119.0599966
125.2699976
118.7699976
115.3399963
121.0099945
117.9099941
115.699995
118.0099983
121.529994
116.6999998
117.4000006
121.1399937
116.960001
113.3899956
118.8599949
124.3900003
