798.6399536
796.0700073
797.3699951
797.3099976
797.5100098
797.3499756
797.4099731
797.4599609
797.5299683
797.3899536
797.3999634
797.5
797.3200073
797.5299683
797.4199829
797.4199829
797.5199585
797.4599609
797.5899658
797.4899902
797.5100098
797.4899902
797.4400024
797.2999878
797.4099731
953.3700104
1832.950012
1990.97998
1991.030029
1991.099915
1991.189941
1991.169922
1991.259949
1992.289978
1990.23999
1992.809998
1989.889893
1991.22998
1991.43988
1991.489929
1991.389954
1991.589905
1991.499939
1991.73999
1991.389954
1991.890015
1991.659912
1991.779907
1992.129944
1991.869934
1991.929932
1992.009888
1992.200012
1991.809937
1991.679993
1992.399902
1992.089905
1991.719971
1991.960022
1991.51001
1992.600037
1990.989929
1992.289917
1992.669983
1992.659973
1992.690002
1992.629944
1992.72998
1992.799927
1992.619995
1992.609985
1992.549988
1992.659973
1992.589905
1992.359924
1992.279907
1992.46991
1992.419983
1992.119934
1992.149902
1992.299988
1991.940002
1991.75
1991.859985
1722.630005
799.8099608
797.3499756
797.2799683
797.2399902
797.2399902
797.2999878
797.289978
797.2399902
797.3099976
797.2699585
797.2799683
