0
0
0
0
0
0
0
0
0
0
0
0
0
0
0
0
0
0
0
0
0
0
0
0
1
11.48999977
2.220000029
2.649999857
4.049999714
5.059999943
3.699999809
0.439999998
0.059999999
5.5
26.3599987
25.87999916
30.90999985
21.02000046
0.589999974
4.049999714
10.38999939
5.46999979
13.94999981
4.369999886
19.18999863
5.339999676
10.25
5.559999943
3.720000029
3.789999962
2.819999933
3.839999914
2.069999933
11.82999992
11.02999973
6.420000076
13.32999992
5.980000019
9.039999962
3.599999905
0
0.039999999
0
0
0
0
0
0
0
0
0
0
0
0
0
0.01
0.02
0.269999981
0.01
0.459999979
2.25
1.689999938
0.239999995
2.309999943
0.189999998
0.149999991
0.649999976
5.589999676
12.10999966
10.11999989
52.14999771
74.70999908
106.2099991
1.459999919
0
0
